0.000110,1.055906,46.370613,46.382633,46.382633
17.044365,1.045222,85.645660,42.813969,89.196602
69.734688,2.290653,126.085022,66.431641,155.628235
132.905197,1.033182,129.526962,63.276707,218.904938
208.008301,3.392719,131.023315,75.155060,294.059998
244.043198,1.000656,145.461212,38.893299,332.953308
280.174500,1.001899,181.734360,51.197777,384.151093
288.045532,0.844916,227.487473,46.425480,430.576569
287.874359,1.053428,309.450165,81.963135,512.539673
279.017548,1.077508,324.879059,17.790291,530.329956
254.652390,1.086467,334.872253,26.334862,556.664795
228.894516,7.594472,335.986237,26.590660,583.255432
210.179352,14.817122,335.898010,20.060703,603.316162
133.443726,18.886414,335.664459,76.843803,680.159973
65.668518,1.602686,339.422272,70.045174,750.205139
29.137905,1.588421,356.157410,40.181473,790.386597
24.029125,1.571001,365.948914,11.044161,801.430786
46.239857,1.574747,383.099487,28.061695,829.492493
119.222595,1.563690,393.473999,73.716423,903.208923
150.707581,1.378201,391.687347,31.536184,934.745117
166.312057,1.332497,367.937225,28.417778,963.162903
166.728867,1.470354,296.117249,71.821320,1034.984253
169.718842,22.980370,176.520294,121.552673,1156.536865
170.357697,39.848156,117.616776,61.274422,1217.811279
170.570221,39.849869,84.651909,32.965549,1250.776855
170.745789,0.982128,-5.403764,98.085449,1348.862305
253.080704,1.148949,8.666807,83.528717,1432.390991
296.647217,1.056944,1.816749,44.101845,1476.492798
303.158173,1.056187,-24.785976,27.387909,1503.880737
304.102081,1.057478,-64.129280,39.354626,1543.235352
278.317169,1.054828,-100.922813,44.929119,1588.164429
244.867020,1.057304,-99.101265,33.499710,1621.664185
198.737930,1.055900,-100.060623,46.139065,1667.803223
164.579727,1.056295,-110.216370,35.635963,1703.439209
114.131477,1.054879,-104.228287,50.802391,1754.241577
95.095970,1.055024,-94.620277,21.322861,1775.564453
69.522278,1.057380,-98.655457,25.890083,1801.454590
50.416828,1.057394,-108.409729,21.451435,1822.906006
22.660885,1.056759,-105.003265,27.964199,1850.870239
0.697041,1.055165,-59.562126,50.470860,1901.341064
