-0.000306,5.584304,38.404297,38.808174,38.808174
0.475823,1.081656,121.835388,83.553864,122.362038
-1.118675,-22.388277,252.648773,132.911713,255.273743
-0.278086,-62.294834,303.106903,64.337105,319.610840
1.615621,-124.930382,344.374207,75.031914,394.642761
0.495388,-189.227814,359.911133,66.157471,460.800232
-0.036917,-229.362198,353.193268,40.696213,501.496460
23.083019,-282.095795,356.381531,57.667397,559.163879
101.450516,-320.389771,355.886963,87.224640,646.388550
132.586121,-321.243805,435.200317,85.210114,731.598633
162.818787,-246.338364,459.697479,84.409424,816.008057
212.148499,-231.644363,604.410095,153.593872,969.601929
236.184631,-202.810593,601.610596,37.642517,1007.244446
281.220642,-30.208878,616.757324,179.022400,1186.266846
284.494934,388.765076,620.435364,419.002869,1605.269775
284.022827,388.764252,603.225464,17.216375,1622.486206
286.129303,388.882629,537.164978,66.094170,1688.580322
281.829590,379.369904,459.951447,77.916039,1766.496338
275.288727,355.784302,403.015076,61.974300,1828.470581
259.487213,303.112579,323.340698,96.809113,1925.279663
242.826996,265.685883,294.087128,50.339764,1975.619385
221.758118,222.717758,273.776520,51.987289,2027.606689
193.399384,167.391571,264.991119,62.788441,2090.395020
198.681824,47.345432,225.150589,126.594818,2216.989746
251.132996,63.870899,176.851715,73.191513,2290.181152
305.527039,90.041107,145.204498,68.155251,2358.336426
401.048157,101.309181,39.823895,142.675598,2501.011963
468.559082,147.488647,-25.477707,104.664070,2605.676025
452.549438,200.223068,-97.351501,90.570801,2696.246826
411.037201,243.413284,-124.410957,65.733360,2761.980225
450.743805,262.527985,-163.807037,59.110382,2821.090576
431.963562,291.233429,-202.041870,51.367329,2872.458008
390.035278,282.702362,-235.687698,54.431625,2926.889648
327.161224,252.147049,-225.095215,70.703430,2997.593018
310.020508,225.964233,-208.655365,35.349861,3032.942871
278.080017,176.470444,-204.950150,59.021679,3091.964600
256.323486,133.587234,-197.032516,48.734024,3140.698730
210.838013,65.049004,-142.980881,98.427620,3239.126465
184.980423,56.689709,-125.717003,32.195251,3271.321777
126.334335,59.868404,-88.599602,69.477829,3340.799561
33.006813,33.461288,-79.532455,97.414452,3438.214111
4.066116,24.749540,-89.150169,31.716854,3469.930908
-10.270277,14.467690,-96.494438,19.109865,3489.040771
-13.916924,5.952028,-95.630981,9.303769,3498.344482
-13.367570,1.081656,-78.816895,17.513876,3515.858398
-4.319792,1.082856,-55.606167,24.911848,3540.770264
-0.116047,3.737751,-23.299353,32.687157,3573.457520
