-0.000218,1.006427,63.813728,63.821663,63.821663
-26.802092,-17.691198,238.487442,177.704376,241.526031
-66.119759,-15.325676,270.139282,50.530323,292.056366
-78.186348,-2.340688,251.484604,25.733433,317.789795
-80.973114,32.077881,228.224609,41.634495,359.424286
-112.748947,69.387085,122.505379,116.525688,475.949982
-193.771057,163.902084,176.440277,135.671082,611.621094
-193.955612,168.324585,175.440628,4.537827,616.158936
-193.320282,168.459534,171.353500,4.138414,620.297363
-191.433670,168.456161,141.533401,29.879719,650.177063
-192.983505,169.004318,43.252712,98.294434,748.471497
-194.474274,167.390656,-126.154076,169.421021,917.892517
-191.672318,167.987793,-195.664963,69.569901,987.462402
-201.030853,165.627853,-384.475861,189.057419,1176.519775
-195.224899,160.812210,-507.674072,123.428925,1299.948730
-183.731079,160.523819,-507.679352,11.497438,1311.446167
-119.829224,161.324966,-507.694214,63.906879,1375.353027
-87.186806,162.767181,-479.951233,42.863510,1418.216553
-87.186272,116.658020,-417.193512,77.875450,1496.092041
-89.862389,55.983925,-416.021332,60.744392,1556.836426
-65.220528,8.163623,-414.646149,53.813507,1610.649902
-15.323800,9.403732,-412.222870,49.970928,1660.620850
53.241489,6.204174,-401.857178,69.418182,1730.039063
76.703918,-4.444775,-346.453186,61.102276,1791.141357
-5.814900,3.869384,-128.397034,233.295868,2024.437256
0.174659,1.005963,-10.189103,118.394211,2142.831543
