0.000082,1.303900,227.022141,227.025879,227.025879
0.007008,47.887230,358.403748,139.395599,366.421478
0.020109,119.067787,432.910095,103.043037,469.464508
0.252023,224.679321,479.058533,115.254189,584.718689
-6.714078,388.085663,482.405182,163.588989,748.307678
28.698807,423.859955,482.406281,50.337582,798.645264
223.696548,408.697906,480.558197,195.595047,994.240295
297.767761,410.985352,480.556885,74.106522,1068.346802
361.522736,413.172485,480.595642,63.792488,1132.139282
468.343475,393.350189,487.160797,108.842529,1240.981812
516.219666,322.587219,485.758942,85.448769,1326.430542
514.592712,226.333618,480.599854,96.405495,1422.836060
506.897552,152.952835,461.547180,76.203407,1499.039429
510.029938,152.935516,305.488007,156.090607,1655.130005
503.680328,141.584335,107.597740,198.317230,1853.447266
327.101318,142.345917,135.572830,178.782913,2032.230225
-21.385672,121.547882,151.759247,349.482117,2381.712402
-125.173981,45.371269,161.629120,129.121277,2510.833740
-123.621063,-64.263214,169.049896,109.896309,2620.729980
-29.833685,-126.303497,176.762451,112.714478,2733.444336
98.022224,-93.454628,186.076981,132.336472,2865.780762
126.853897,10.274333,193.476593,107.915321,2973.696045
71.193695,107.444008,201.627640,112.278419,3085.974365
-18.700722,127.658875,208.082169,92.365082,3178.339355
-111.506714,76.344650,215.454834,106.303612,3284.643066
-138.133209,-225.103180,214.766037,302.622253,3587.265381
-154.552383,-294.387939,214.766083,71.203705,3658.468994
-202.558563,-320.649170,214.864090,54.719788,3713.188721
-520.216919,-339.084381,201.121429,318.489471,4031.678223
-630.421753,-337.935242,132.450058,129.854477,4161.532715
-671.822021,-338.945404,-1.919142,140.606125,4302.138672
-674.811157,-337.596436,-192.261627,190.370728,4492.509277
-675.997925,-357.098480,-265.632904,75.928139,4568.437500
-672.468933,-348.847198,-391.156769,125.844261,4694.281738
-673.154785,-336.886566,-505.987976,115.454468,4809.736328
-652.522400,-258.818878,-535.840576,86.089706,4895.826172
-573.038086,-200.657059,-531.878906,98.571037,4994.396973
178.418198,-217.610916,-515.287781,751.830627,5746.227539
215.521149,-205.491486,-638.244263,129.003128,5875.230469
480.403046,-211.746735,-649.408813,265.190857,6140.421387
640.293884,-210.438004,-727.252014,177.838013,6318.259277
642.868103,-150.944214,-835.313171,123.382950,6441.642090
638.941711,185.030090,-852.967896,336.460754,6778.103027
637.287598,308.299591,-661.534058,227.695007,7005.797852
636.225891,181.375183,-543.644287,173.230850,7179.028809
646.000854,22.466122,-552.491333,159.455032,7338.483887
611.876465,1.628997,-535.495300,43.445652,7381.929688
482.802155,1.386154,-485.293640,138.493484,7520.423340
62.447380,1.414976,-484.346863,420.355835,7940.779297
0.172831,1.417234,-435.868774,78.919228,8019.698730
-1.104462,1.450403,-321.914093,113.961845,8133.660645
