0.000028,1.022449,23.767353,23.789335,23.789335
-2.928411,11.567819,102.680153,79.668129,103.457466
-36.458786,26.701986,218.562180,121.581139,225.038605
-87.020172,49.424778,251.706726,64.585907,289.624512
-134.849670,62.021370,238.652771,51.154087,340.778595
-191.490372,86.976685,185.840088,81.364098,422.142700
-183.353333,105.757713,114.289528,74.420570,496.563263
-135.854050,115.631310,58.720928,73.766785,570.330078
-66.900345,115.966995,52.789139,69.209190,639.539246
9.669645,108.153862,51.249599,76.982979,716.522217
109.510292,31.932692,52.602619,125.617081,842.139282
230.292252,0.051570,41.209064,125.437241,967.576538
314.972565,-0.017539,-1.025589,94.628357,1062.204834
372.182251,16.729710,-56.306713,81.298347,1143.503174
397.347992,-0.227577,-121.676102,72.069550,1215.572754
397.059540,-1.251960,-226.116684,104.446007,1320.018799
386.787415,7.697431,-275.867584,51.582558,1371.601318
359.972382,12.010827,-313.951111,46.776131,1418.377441
315.338013,5.380718,-340.771027,52.492790,1470.870239
255.801880,1.477742,-348.079437,60.109875,1530.980103
185.944519,9.572766,-339.914398,70.797234,1601.777344
114.195915,3.952523,-327.771149,72.985664,1674.763062
53.709328,1.086808,-322.706696,60.765846,1735.528931
20.844179,1.088529,-319.504730,33.020763,1768.549683
-11.403956,1.089351,-288.658997,44.625122,1813.174805
-51.320950,1.089557,-280.603607,40.721684,1853.896484
-77.756516,1.087162,-258.468445,34.479046,1888.375488
-62.484653,1.089554,-247.486267,18.810583,1907.186035
-31.945883,1.088374,-241.768082,31.069506,1938.255493
-8.305911,1.088809,-233.710953,24.975300,1963.230835
3.574344,13.958556,-179.688461,56.790848,2020.021729
1.770604,45.935398,-144.472992,47.601482,2067.623291
-1.526592,34.689011,-88.126450,57.552460,2125.175781
-0.968334,1.022553,-43.091614,56.230583,2181.406250
