-0.002072,1.009903,91.176170,91.181763,91.181763
0.779211,32.997921,200.132126,113.557228,204.738983
23.866650,40.018700,232.042801,40.007652,244.746643
141.076645,56.883987,229.373703,118.447220,363.193848
248.379883,36.574459,217.252182,109.878998,473.072845
293.684296,31.053633,210.297363,46.166424,519.239258
343.344177,26.915266,191.666931,53.200779,572.440063
388.456024,18.264557,130.864761,76.202477,648.642517
388.968079,1.009965,43.807873,88.751816,737.394348
401.044983,1.008731,-255.962860,300.013885,1037.408203
424.189850,1.009030,-290.724823,41.762169,1079.170410
477.020172,1.008852,-290.648590,52.830379,1132.000732
523.687561,1.010541,-314.804291,52.548481,1184.549194
516.705322,1.010020,-375.703949,61.298615,1245.847778
496.643646,1.009861,-417.569733,46.424290,1292.272095
485.319763,1.686135,-392.216644,27.775291,1320.047363
484.269867,57.384308,-270.766602,133.617004,1453.664307
484.743683,0.980824,-121.117256,159.926575,1613.590820
496.784912,0.967645,-105.250397,19.918549,1633.509399
616.713196,13.155489,-105.780930,120.547165,1754.056519
640.965149,13.147588,-122.495430,29.453894,1783.510376
679.026062,13.147552,-253.327255,136.255630,1919.765991
663.276550,13.145961,-329.661682,77.942238,1997.708252
684.894470,16.807533,-421.470673,94.390846,2092.099121
677.777893,25.379320,-499.344543,78.666771,2170.765869
615.566101,40.109604,-571.403320,96.331490,2267.097412
577.712158,43.761425,-570.608704,38.037987,2305.135498
424.794220,36.488956,-577.335510,153.238495,2458.374023
334.415527,23.682388,-578.179810,91.285431,2549.659424
187.811768,22.140715,-554.292847,148.545029,2698.204346
94.963669,23.379145,-500.901672,107.111725,2805.316162
43.547279,22.611414,-432.043579,85.939926,2891.256104
15.430417,22.142523,-357.889221,79.307289,2970.563477
4.382318,23.197554,-305.989746,53.072865,3023.636230
-0.064047,1.008517,-231.978119,77.394089,3101.030273
