0.000099,5.689132,17.310154,18.221077,18.221077
-1.391514,4.903697,194.498749,177.195801,195.416870
16.463375,-117.847717,387.166840,229.145584,424.562439
40.401100,-174.403580,452.608490,89.745132,514.307556
15.819030,-236.904678,413.292450,77.822983,592.130554
-14.850061,-276.464355,304.347107,119.894325,712.024902
-110.387604,-316.631439,249.475754,117.267563,829.292480
-212.615631,-315.543732,168.745712,130.265472,959.557983
-230.193497,-318.805664,101.473068,69.607689,1029.165649
-223.330826,-335.847931,-92.912682,195.252014,1224.417725
75.139999,-422.057098,-332.009735,392.025818,1616.443604
174.698380,-414.341278,-334.885529,99.898331,1716.341919
222.703949,-422.056915,-328.494965,49.039829,1765.381714
229.970001,-248.483551,-325.920013,173.744461,1939.126221
223.854126,-233.786087,-265.778381,62.212822,2001.338989
229.068497,-233.891525,-236.682312,29.559805,2030.898804
229.970001,-63.169453,-231.320007,170.808640,2201.707520
281.973267,-51.506336,-242.405411,54.435780,2256.143311
353.608429,-63.089436,-267.467133,76.771446,2332.914795
436.862000,-17.617542,-340.984619,120.015297,2452.930176
469.441254,-12.805231,-357.549988,36.864311,2489.794434
479.391876,12.931800,-280.035767,82.279182,2572.073730
481.711243,23.844351,-242.745422,38.923428,2610.997070
500.751892,23.908695,-227.355850,24.482431,2635.479492
587.425171,23.964071,-219.639999,87.016060,2722.495605
549.670959,77.110764,-218.279999,65.205833,2787.701416
445.457703,198.261414,-204.894623,160.365372,2948.066895
244.923157,253.378281,-154.003372,214.107208,3162.174072
146.086273,239.219254,-140.614792,100.739578,3262.913574
11.313582,95.275345,-109.617859,199.610458,3462.523926
0.846183,84.042358,-106.411713,15.685209,3478.209229
-0.991875,1.723911,-102.637085,82.425446,3560.634766
