-2.923445,-4.168542,42.068138,42.375130,42.375130
-7.589759,-15.099477,70.316147,30.646530,73.021660
-113.134567,-28.101120,98.172279,109.930489,182.952148
-152.371552,-31.577276,67.512627,49.916321,232.868469
-182.076385,-28.900911,34.834721,44.242352,277.110809
-211.159393,-6.149583,-11.558331,59.293839,336.404663
-204.453522,22.464191,-30.589006,35.012619,371.417297
-180.147797,29.433382,-46.451408,29.848846,401.266144
-173.679626,31.127279,-95.132774,49.138397,450.404541
-174.547089,41.443363,-111.979500,19.773373,470.177917
-174.845963,69.752327,-179.581375,73.290520,543.468445
-171.158203,32.090343,-467.060150,289.958740,833.427185
-133.935425,36.572021,-480.554260,39.846100,873.273315
-109.803551,33.556725,-470.711487,26.235846,899.509155
-85.050896,32.867149,-457.267670,28.176331,927.685486
-73.447815,31.106947,-430.284241,29.425077,957.110535
-71.625549,28.057453,-404.318512,26.207617,983.318176
-88.208008,-7.382147,-332.212097,82.038269,1065.356445
-66.176338,-56.717373,-205.032059,138.181473,1203.537964
-61.038544,-72.669830,-183.094681,27.606636,1231.144653
-23.689457,-103.444534,-150.350525,58.431297,1289.575928
-4.716461,-99.885918,-131.812378,26.763805,1316.339722
-15.181028,-93.333855,-105.176445,29.358295,1345.697998
-39.779507,-87.370644,-95.546555,27.080986,1372.778931
-62.504517,-80.855156,-112.818069,29.277685,1402.056641
-62.855469,-73.660439,-143.976685,31.980408,1434.037109
-40.452023,-67.668587,-158.788361,27.517311,1461.554443
-8.472305,-59.810032,-145.598587,35.474346,1497.028809
-12.039057,-51.786213,-112.906319,33.850964,1530.879761
-37.225906,-44.292118,-96.581871,30.935844,1561.815552
-65.320061,-35.758144,-119.866257,37.473629,1599.289185
-64.126663,-30.642479,-142.142380,22.887112,1622.176270
-42.552162,-24.308989,-160.344742,28.929193,1651.105469
-12.930258,-17.032661,-147.958694,32.921364,1684.026855
-0.912847,-11.043293,-124.022957,27.444677,1711.471558
-0.743506,-0.079842,-74.251717,50.964714,1762.436279
-0.026131,0.957252,-13.740134,60.524719,1822.960938
