0.947977,-103.103920,-20.762325,105.177902,105.177902
-7.295852,-150.459869,101.684425,131.543732,236.721634
-30.628952,-153.347488,138.038605,43.294319,280.015961
-96.257423,-172.248734,152.582474,69.827477,349.843445
-196.203384,-275.405792,135.606171,144.633224,494.476685
-237.625534,-288.844330,135.729996,43.547722,538.024414
-269.053833,-296.146851,128.297913,33.110432,571.134827
-301.927551,-273.406616,117.540062,41.394817,612.529663
-443.578125,-127.620369,-262.023193,430.565643,1043.095337
-411.341003,-122.304642,-326.190430,72.006409,1115.101807
-401.268707,-113.976257,-336.745361,16.799397,1131.901245
-364.031647,-119.784683,-350.827728,40.232445,1172.133667
-368.588623,-136.566635,-376.001923,30.596405,1202.730103
-347.356476,-175.281509,-417.501526,60.595894,1263.326050
-324.655487,-188.022888,-436.876038,32.450722,1295.776733
-364.517120,-198.658600,-572.635315,141.889572,1437.666260
-365.369232,-194.095001,-599.988892,27.744741,1465.411011
-358.477142,-197.106689,-608.420776,11.299020,1476.710083
-251.906754,-129.460526,-508.621552,160.913452,1637.623535
-371.298218,-29.782452,-629.136658,196.758560,1834.382080
-370.185852,-24.579800,-628.078064,5.424534,1839.806641
-256.668060,-25.219219,-515.354675,159.978943,1999.785645
-222.974411,-38.057095,-462.356812,64.100288,2063.885986
-201.849289,-38.866604,-410.095612,56.375164,2120.261230
-136.703262,-37.543320,-347.954529,90.040382,2210.301514
-21.364616,-37.013130,-234.940338,161.479080,2371.780518
24.064295,-36.293884,-235.292038,45.435966,2417.216553
65.350853,-39.352539,-269.080688,53.437893,2470.654541
76.730766,-37.657661,-306.221863,38.882408,2509.536865
63.212830,-38.466415,-327.948883,25.601799,2535.138672
39.590755,-40.641109,-335.107422,24.778547,2559.917236
9.265127,-59.756664,-307.677948,45.137836,2605.055176
0.274459,-86.569489,-285.323059,36.048588,2641.103760
-1.851570,-95.943977,-230.194199,55.960632,2697.064453
-1.709548,-86.846748,-189.395432,41.800945,2738.865479
-1.678045,-71.599480,-156.951767,35.847893,2774.713379
-1.790000,-6.302900,-108.883041,81.081795,2855.795166
-1.790000,35.443001,-65.271484,60.371250,2916.166504
-1.790000,57.185116,-23.655046,46.953674,2963.120117
-1.790000,57.773827,22.861404,46.520176,3009.640381
-1.790000,31.810579,67.045364,51.247562,3060.887939
7.382237,-148.698639,167.976654,207.014084,3267.902100
129.558365,-169.749130,115.198799,134.742828,3402.645020
134.967285,-129.427628,86.506454,49.782833,3452.427734
143.416077,-117.034546,35.241055,53.414524,3505.842285
174.321564,-106.968315,16.312710,37.613300,3543.455566
198.923035,-97.511597,4.085318,29.054621,3572.510254
202.644333,-90.720863,0.000000,8.755110,3581.265381
156.169449,-42.491795,0.000000,66.977295,3648.242676
98.209892,2.704573,0.000000,73.498451,3721.741211
56.189289,24.046497,0.000000,47.129700,3768.870850
16.606396,34.482147,0.000000,40.935417,3809.806152
-21.315388,34.890522,0.000000,37.923981,3847.730225
-59.421753,24.987617,0.000000,39.372105,3887.102295
-95.850731,4.959487,0.000000,41.571583,3928.673828
-164.592667,-106.366783,-21.862530,132.653549,4061.327393
-134.192642,-115.625641,-64.913620,53.509666,4114.836914
-105.148193,-90.918427,-111.603806,60.282669,4175.119629
-71.862427,-75.809860,-118.862900,37.268024,4212.387695
-14.791384,-106.600937,-87.236923,72.148438,4284.536133
-3.791371,-107.941940,-49.866245,38.979050,4323.515137
