-0.000853,3.571681,50.251831,50.378601,50.378601
-0.009328,12.451689,150.313324,100.454750,150.833344
33.550335,-19.748955,257.574860,116.910950,267.744293
62.599770,-19.749475,256.343445,29.075521,296.819824
177.389969,-7.415003,249.773621,115.637764,412.457581
248.220139,-19.133095,245.976471,71.893288,484.350861
259.261139,-19.750404,224.951660,23.755575,508.106445
266.879120,-16.086702,203.646454,22.920912,531.027344
271.213409,-20.764149,75.003807,128.800583,659.827942
269.903839,-6.223796,-18.829762,94.962502,754.790466
267.772003,-36.064884,-182.301239,166.186523,920.976990
270.203949,-32.460056,-236.191696,54.065613,975.042603
269.816498,6.665255,-278.360168,57.524956,1032.567505
269.070770,67.144783,-272.553070,60.762257,1093.329712
267.460358,65.153572,-170.569473,102.015747,1195.345459
258.691681,65.152191,-162.061691,12.217694,1207.563110
214.180481,65.154015,-163.602432,44.537857,1252.100952
125.540421,36.190353,-182.192398,95.087021,1347.187988
126.382263,10.568204,-178.829102,25.855658,1373.043701
124.082878,-18.086435,-196.154846,33.564220,1406.607910
122.163651,-19.140900,-239.771255,43.671345,1450.279297
96.881287,-19.104198,-267.380890,37.436497,1487.715820
51.273876,-18.726173,-273.106995,45.967022,1533.682861
16.920387,-18.693407,-288.173889,37.512325,1571.195190
3.967650,-18.986563,-322.353485,36.552757,1607.747925
-32.377102,-18.229750,-337.923004,39.546474,1647.294434
-49.506729,-18.771265,-307.280090,35.109905,1682.404297
-34.491508,-18.869654,-277.612976,33.250629,1715.654907
-13.169242,-18.826805,-240.995209,42.373360,1758.028320
0.224890,-18.626646,-172.824097,69.474770,1827.503052
0.117477,9.968694,-127.937164,53.221630,1880.724731
0.213304,2.484772,-19.372972,108.821884,1989.546631
