-0.216080,4.677759,34.785252,35.099030,35.099030
-0.133952,1.123029,79.181984,44.538891,79.637924
0.871655,1.125145,109.005714,29.840679,109.478607
-8.819640,17.370180,168.726929,62.645397,172.124008
-38.169228,28.514761,202.172394,45.871548,217.995560
-35.265366,27.730406,234.129181,32.098038,250.093597
20.306330,-17.690903,313.631592,107.107147,357.200745
11.033459,-25.514877,370.508057,58.156109,415.356842
-29.697744,-25.516012,378.128754,41.437977,456.794830
-79.221237,-24.231710,370.783752,50.081680,506.876526
-90.980003,-6.170305,366.500000,21.973473,528.849976
-90.980003,95.597878,366.500000,101.768181,630.618164
-132.231476,94.120361,371.466522,41.575634,672.193787
-191.219666,74.184822,370.764526,62.269775,734.463562
-225.191315,77.236122,370.305634,34.111492,768.575073
-289.555389,76.953133,369.476105,64.370041,832.945129
-309.870667,76.953064,358.942566,22.883747,855.828857
-308.264618,76.952110,341.023315,17.991079,873.819946
-307.923706,65.341393,325.846008,19.112186,892.932129
-272.791138,20.732691,304.755005,60.572800,953.504944
-293.241943,10.744449,282.639099,31.735054,985.239990
-279.597870,3.778098,275.301453,16.986225,1002.226196
-274.097778,3.769820,264.506897,12.115011,1014.341187
-278.602722,3.770634,200.632675,64.032890,1078.374023
-253.019501,12.072742,146.167831,60.744099,1139.118164
-256.666687,10.915342,74.543144,71.726822,1210.844971
-278.340088,9.704076,9.373808,68.689484,1279.534424
-292.450012,43.212002,-70.767776,88.003098,1367.537476
-257.570068,55.171383,-106.674141,51.467506,1419.005005
-211.591476,41.837048,-112.975266,48.286018,1467.291016
-168.588470,27.677170,-92.119148,49.847149,1517.138184
-116.774193,29.247135,-74.851761,54.638329,1571.776489
-67.093895,32.139164,-67.030952,50.375202,1622.151733
-46.878178,54.342346,-71.082115,30.299644,1652.451416
1.047341,55.925995,-71.180191,47.951775,1700.403198
41.150265,45.248661,-68.517273,41.585350,1741.988525
36.570686,23.312098,-67.909431,22.417734,1764.406250
24.883678,21.758720,-66.103943,11.927235,1776.333496
-0.364701,15.206021,-62.161060,26.381145,1802.714600
-0.044602,4.187418,-31.144026,32.917603,1835.632202
