-0.080615,1.065278,71.631958,71.639923,71.639923
4.795148,1.067559,79.265358,9.057696,80.697617
19.835321,1.067517,86.102852,16.521444,97.219063
81.255165,1.065307,86.815338,61.423977,158.643036
109.341278,22.083111,87.256012,35.082359,193.725403
92.960609,43.692699,86.185158,27.137564,220.862961
55.798630,27.537598,83.264885,40.626690,261.489655
41.103764,26.201763,68.907745,20.587641,282.077301
44.688656,26.202713,-39.276524,108.243645,390.320953
44.931942,26.201414,-438.899872,399.623444,789.944397
18.628136,26.974653,-467.440002,38.820446,828.764832
-10.000000,27.015255,-435.089539,43.198662,871.963501
-10.917408,26.203085,-260.039124,175.054703,1047.018188
-11.168600,19.253069,-244.276459,17.228680,1064.246826
-36.844311,-26.954678,-242.849335,52.881329,1117.128174
-80.311211,-10.892592,-244.073914,46.355816,1163.484009
-140.113632,-2.885581,-245.830307,60.361633,1223.845703
-279.418335,6.355063,-246.528305,139.612595,1363.458252
-279.603180,-0.384607,-244.576233,7.019110,1370.477417
-269.497040,-4.785449,-243.238403,11.103661,1381.581055
-261.346313,-4.739435,-234.032227,12.295940,1393.876953
-257.903229,-4.717382,-222.104736,12.414521,1406.291504
-248.751007,-4.717885,-208.410294,16.471216,1422.762695
-234.524597,-9.054631,-202.566055,15.979775,1438.742432
-233.283936,-29.565361,-201.002640,20.607611,1459.350098
-233.409714,-33.588226,-191.406677,10.405852,1469.755981
-232.665543,-33.702324,-172.296219,19.125282,1488.881226
-231.137207,-33.695404,-163.361435,9.064558,1497.945801
-219.801682,-33.671986,-158.996521,12.146899,1510.092651
-205.423462,-34.535202,-158.201752,14.426018,1524.518677
-200.117111,-34.598381,-152.213821,8.001040,1532.519775
-180.737350,-33.571720,-113.168381,43.602474,1576.122192
-166.049500,-29.708826,-86.509026,30.681852,1606.804077
-117.410522,-28.213236,-67.747841,52.153320,1658.957397
-112.645912,-28.210730,-71.753006,6.224377,1665.181763
-107.419434,-28.196390,-91.926567,20.839598,1686.021362
-104.813606,11.556957,-179.899124,96.572716,1782.594116
-96.680191,11.556942,-184.557907,9.373191,1791.967285
-67.050575,11.558300,-174.400452,31.322325,1823.289551
-46.892975,3.005933,-149.029282,33.513699,1856.803223
-16.586061,-17.191359,-103.732437,58.122662,1914.925903
-0.722250,-36.261993,-58.367523,51.704205,1966.630127
-0.757845,-30.132990,-30.189978,28.836435,1995.466553
-0.344947,-14.572990,-21.766598,17.698513,2013.165039
-0.690925,1.946385,-25.153524,16.866556,2030.031616
-0.785801,15.477776,-41.215309,21.002106,2051.033691
-0.639034,12.013850,-50.261082,9.687431,2060.721191
-6.747189,1.067404,-20.764133,32.050026,2092.771240
-0.361327,1.065612,-6.398252,15.721252,2108.492432
