0.022912,0.000400,25.440460,44.792389,0.000000,1.000000,0.000000,0.000248,27.918791,40.184906,0.000001,1.000000,-0.000005
0.054974,29.224388,26.538490,99.550491,0.000000,1.000000,0.000000,25.920284,28.187057,96.113747,-0.000001,1.000000,0.000347
0.098002,106.794083,26.183910,126.493362,0.000000,1.000000,0.000000,102.241432,28.355019,126.082756,0.001429,0.999999,0.000040
0.155320,221.023468,25.709749,130.549408,0.000000,1.000000,0.000000,216.735703,28.463737,128.506821,0.021637,0.999766,0.000424
0.205489,290.458252,26.532774,199.124268,0.000000,1.000000,0.000000,290.639404,28.352764,194.546356,0.000000,1.000000,-0.000000
0.280799,260.109497,26.220243,332.235138,0.000000,1.000000,0.000000,264.680542,28.407360,332.090820,0.000040,1.000000,-0.000000
0.315910,195.595490,44.887939,335.279785,0.000000,1.000000,0.000000,200.187790,46.794682,335.348389,0.002025,0.999998,-0.000000
0.358137,104.890724,40.846733,333.938751,0.000000,1.000000,0.000000,111.310555,43.947220,334.033875,-0.000004,1.000000,-0.000008
0.414626,31.474575,25.439171,375.309174,0.000000,1.000000,0.000000,27.273470,28.062101,373.554565,0.000067,1.000000,-0.000167
0.478910,165.558334,23.979872,396.187592,0.000000,1.000000,0.000000,165.461655,26.884590,400.798035,0.002420,0.999991,-0.003486
0.568753,169.840591,48.303890,223.012741,0.000000,1.000000,0.000000,169.839569,50.368893,227.591721,-0.001535,0.999999,0.000078
0.625432,170.298660,64.770706,109.008324,0.000000,1.000000,0.000000,170.181961,67.054779,113.575775,-0.001400,0.999999,0.000091
0.725004,241.407104,27.850796,13.025851,0.000000,1.000000,0.000000,236.150604,30.543163,12.965974,0.048195,0.998755,0.012909
0.759940,300.769287,25.984354,-11.264585,0.000000,1.000000,0.000000,300.320679,28.268948,-6.532304,-0.000010,1.000000,0.000002
0.814273,269.756836,26.522943,-100.772362,0.000000,1.000000,0.000000,274.332489,28.465879,-101.071381,-0.000013,1.000000,0.000006
0.853593,193.318069,26.592606,-102.957451,0.000000,1.000000,0.000000,197.903351,28.338686,-101.661911,-0.000006,1.000000,0.000002
0.886688,128.760117,26.422997,-112.651283,0.000000,1.000000,0.000000,132.921997,28.463890,-114.565201,-0.000006,1.000000,0.000003
0.915506,75.854057,26.422514,-98.832687,0.000000,1.000000,0.000000,80.205025,28.463383,-97.357819,-0.000003,1.000000,0.000002
0.946557,24.911476,25.518749,-98.084030,0.000000,1.000000,0.000000,27.326906,27.972977,-101.929108,-0.000007,1.000000,0.000003
0.974090,1.218441,26.581842,-50.332821,0.000000,1.000000,0.000000,1.466250,28.278517,-54.923256,-0.000000,1.000000,0.000000
