0.025209,-0.001924,37.779900,92.216202,0.000000,1.000000,-0.000015,-0.001773,40.716553,87.651237,-0.000000,1.000000,-0.000015
0.150002,1.609272,-269.600067,388.908173,0.000002,0.000031,0.999969,-1.105769,-265.903595,392.011322,0.000002,0.000031,1.000000
0.178772,107.889015,-284.963013,333.253235,-0.000008,1.000031,-0.000031,106.412270,-282.434448,328.944183,-0.000008,1.000000,-0.000030
0.220121,201.750198,-284.727661,488.727142,0.999985,0.000015,-0.000031,204.447906,-288.577087,486.183655,1.000000,0.000015,-0.000031
0.260378,220.502930,-230.675049,566.429932,-0.000031,0.000015,-1.000061,219.531555,-235.156128,563.756836,-0.000028,0.000015,-1.000000
0.313881,283.162994,-83.539337,691.019714,-0.000031,0.000008,1.000000,283.271301,-88.067818,694.075623,-0.000030,0.000008,1.000000
0.405621,289.038239,242.489944,620.394409,0.207794,0.000001,0.978088,289.432678,238.046295,623.444092,0.216054,-0.023779,0.976092
0.466448,278.620972,351.784424,547.500732,-0.432281,-0.901825,-0.000061,277.869232,349.744080,552.093628,-0.432245,-0.901756,-0.000058
0.532510,298.271851,296.828186,329.782715,0.948975,-0.315216,-0.003204,301.870819,299.688019,332.405121,0.949007,-0.315240,-0.003201
0.594918,183.696533,122.854729,240.428329,0.318672,0.692566,-0.647186,181.515549,127.344437,240.962952,0.318696,0.692426,-0.647286
0.629459,226.315506,89.666084,199.493881,-0.318680,0.852350,0.414703,222.762268,89.225655,203.125198,-0.318665,0.852346,0.414679
0.679114,420.812653,74.416077,109.197708,0.230988,0.641449,0.731590,420.865173,72.825745,114.196854,0.230956,0.641457,0.731568
0.730717,520.996643,196.860077,-100.801552,0.562897,-0.575317,0.593414,526.098389,196.455353,-101.730385,0.562903,-0.575322,0.593418
0.780202,425.149841,270.719543,-163.630463,-0.590424,-0.300827,0.748901,427.403870,270.042236,-158.941742,-0.590420,-0.300846,0.748929
0.935768,103.873581,49.383549,-79.473244,0.129555,0.990746,0.040451,108.258728,47.509621,-80.044174,0.112116,0.993619,-0.012326
0.967947,-30.854305,34.852108,-113.959427,0.000000,1.000000,0.000000,-32.415581,38.238300,-118.186981,-0.000015,1.000000,-0.000013
