0.000020,0.000044,27.577600,0.007971,0.000002,1.000000,0.000263,0.000040,27.693451,-4.660507,0.000002,1.000000,0.000251
0.036278,-0.031481,49.132389,294.657043,-0.000002,0.933384,-0.358917,-0.030776,47.289227,290.351288,-0.000002,0.933411,-0.358810
0.074873,-0.090881,273.599823,454.336365,-0.000008,-0.000031,-1.000000,-0.089899,268.931488,454.221283,-0.000008,0.000056,-1.000000
0.081875,14.651360,333.423737,456.010864,0.000000,0.000000,-1.000000,10.431619,331.429321,455.869904,0.000000,-0.000001,-1.000000
0.094226,26.697273,426.026215,455.658905,0.000000,0.000000,-1.000000,22.081493,425.349915,455.465454,-0.000000,0.000002,-1.000000
0.101086,106.886444,469.843475,454.837524,0.000000,0.000000,-1.000000,102.747955,471.984283,454.512543,-0.000001,0.000004,-1.000000
0.118556,231.407425,404.946503,455.289001,0.000000,0.000000,-1.000000,226.877670,406.094788,455.305847,0.000003,-0.000006,-1.000000
0.166846,515.524353,239.951859,451.568726,0.000061,-0.001511,-0.999969,515.745728,244.615936,450.977051,0.000060,-0.001506,-0.999999
0.192260,509.279022,182.208588,334.937286,0.000061,1.000000,0.000000,509.227142,182.844482,339.582764,0.000060,1.000000,-0.000030
0.305130,-139.108063,-23.205824,176.448944,0.000031,-0.000015,-1.000000,-139.181824,-18.682487,173.282761,0.000033,-0.000015,-1.000000
0.436808,-170.473526,-337.398743,187.680969,-0.000031,0.000000,-1.000000,-165.813126,-337.245026,187.434982,-0.000031,0.000000,-1.000000
0.483127,-571.522217,-290.493347,182.877106,0.000061,0.999969,0.000000,-567.799744,-290.220917,185.683395,0.000061,1.000000,-0.000000
0.502386,-666.977356,-289.557495,53.071213,0.000000,0.999969,0.000011,-666.738892,-289.128479,57.720032,-0.000000,1.000000,0.000011
0.532147,-675.018494,-289.405121,-199.150742,0.000427,1.000000,-0.000038,-674.976807,-288.950500,-194.497162,0.000427,1.000000,-0.000038
0.554132,-676.274109,-309.323395,-380.563416,0.000061,1.000000,0.000000,-676.364624,-309.208679,-375.895844,0.000061,1.000000,0.000000
0.573468,-678.869934,-289.998199,-500.567322,0.000000,1.000031,-0.000061,-679.566589,-289.648193,-495.961456,0.000000,1.000000,-0.000059
0.618843,-334.950562,-199.164993,-516.421814,-0.000031,-0.000031,1.000000,-339.082550,-199.008804,-514.562012,-0.000031,-0.000031,1.000000
0.639349,-161.496628,-200.116669,-516.420837,0.000000,0.000000,1.000000,-166.079483,-200.081497,-514.421204,-0.000000,-0.000000,1.000000
0.649124,-79.261398,-220.042297,-515.686462,0.000000,0.000000,1.000000,-83.739014,-219.069931,-513.664978,0.000538,0.001178,0.999999
0.654869,-30.985767,-234.495804,-515.712891,0.000000,0.000000,1.000000,-35.409088,-233.298676,-513.710449,0.000000,0.000000,1.000000
0.686806,203.901443,-200.036179,-569.985107,0.908951,0.376526,0.179077,202.757126,-200.393936,-565.438293,0.908937,0.376520,0.179073
0.706444,313.335999,-208.751709,-647.365784,0.000122,-0.382645,0.923889,308.724091,-208.254166,-648.027954,0.000404,-0.374025,0.927419
0.737793,586.304626,-207.417450,-656.110046,0.402832,-0.379532,0.832886,581.876648,-206.696365,-654.410278,0.400530,-0.377431,0.834939
0.769000,640.991760,-91.041527,-851.672241,0.382813,0.000015,0.923889,640.584229,-95.748894,-852.425476,0.382790,0.000015,0.923836
0.802273,637.125977,190.331741,-857.966370,-0.374451,0.206650,-0.903931,637.163696,185.661133,-858.602966,-0.375069,0.203929,-0.904288
0.848673,646.066406,181.690079,-547.638977,0.920837,-0.020828,-0.389282,645.612305,186.399475,-547.434021,0.921022,-0.020801,-0.388954
0.875872,592.540527,-34.581913,-518.918884,0.000000,-1.000000,0.000000,597.085083,-34.958241,-519.936157,0.000000,-1.000000,0.000000
0.911086,299.430420,-31.516886,-483.882935,0.000000,-1.000000,0.000000,304.119995,-31.421490,-484.207764,-0.000092,-1.000000,0.000218
0.943677,22.637747,-34.442593,-472.717102,0.000000,-1.000000,0.000000,23.525742,-34.792862,-477.289978,0.000001,-1.000000,0.000000
0.967419,2.812863,-31.241180,-275.627930,0.000002,-0.999999,0.000366,2.795447,-31.120470,-280.306488,0.000002,-1.000000,0.000366
