0.036258,0.000055,26.568291,114.590584,0.000000,1.000000,0.000000,0.000133,28.437517,109.700310,-0.000001,1.000000,0.000006
0.069623,0.125352,62.714260,228.311417,0.000000,1.000000,0.000000,-4.475967,64.285561,228.343689,-0.000348,1.000000,0.000313
0.088081,67.998611,75.756561,228.926620,0.000000,1.000000,0.000000,63.059948,77.660866,228.862946,-0.002484,0.999997,0.000335
0.110565,150.884384,81.740631,226.308578,0.000000,1.000000,0.000000,145.713013,84.073021,227.067932,-0.000110,1.000000,0.000006
0.134274,227.362869,61.883411,220.280746,0.000000,1.000000,0.000000,223.032043,63.997627,222.207199,0.000011,1.000000,0.000005
0.195784,388.823975,43.669006,122.625885,0.000000,1.000000,0.000000,388.625366,45.709888,127.202362,-0.000012,1.000000,-0.000006
0.257253,393.627777,25.276867,-76.135727,0.000000,1.000000,0.000000,393.628204,27.803495,-71.605408,-0.000010,1.000000,-0.000003
0.292539,399.768677,25.865129,-193.591110,0.000000,1.000000,0.000000,399.690643,28.198215,-188.572815,-0.000001,1.000000,0.000011
0.323322,423.834900,26.579311,-289.116669,0.000000,1.000000,0.000000,419.245056,28.423847,-289.092712,-0.000013,1.000000,0.000013
0.361474,520.549622,24.195320,-334.825073,0.000000,1.000000,0.000000,520.998169,26.986197,-329.950500,-0.000068,1.000000,0.000000
0.394222,484.336304,26.560835,-400.002747,0.000000,1.000000,0.000000,484.245026,28.207565,-404.601379,0.000014,1.000000,-0.000089
0.488006,487.207855,26.500362,-97.279076,0.000000,1.000000,0.000000,482.617401,28.422459,-97.226700,0.000759,0.999999,0.000743
0.529511,631.686584,38.680389,-103.114601,0.000000,1.000000,0.000000,630.053955,40.599846,-98.811317,0.000126,1.000000,-0.000183
0.578808,703.808350,38.571220,-255.916275,0.000000,1.000000,0.000000,705.327881,40.069668,-251.596024,-0.000029,1.000000,0.000015
0.612591,657.810181,37.162029,-375.292664,0.000000,1.000000,0.000000,655.816895,38.084156,-370.720581,-0.000035,1.000000,0.000018
0.629995,689.688904,46.460003,-426.404572,0.000000,1.000000,0.000000,689.343689,48.851013,-421.990021,-0.115797,0.993273,-0.000022
0.652845,685.870117,51.065525,-502.481995,0.000000,1.000000,0.000000,689.433167,52.533302,-499.182343,0.133916,0.990993,0.000025
0.675315,650.669617,69.365562,-573.984802,0.000000,1.000000,0.000000,655.382202,71.400444,-573.946167,0.000494,0.992223,0.124475
0.695877,562.746765,66.545380,-579.231934,0.000000,1.000000,0.000000,567.129272,69.534012,-578.822998,-0.000034,0.995792,-0.091639
0.738183,421.872833,56.582623,-578.124023,0.000000,1.000000,0.000000,426.455017,58.378258,-578.430420,-0.000000,1.000000,0.000713
0.778932,286.458282,48.873257,-581.542786,0.000000,1.000000,0.000000,291.024231,50.421276,-582.135315,0.000014,1.000000,0.000029
0.823290,142.674210,48.972416,-541.465210,0.000000,1.000000,0.000000,146.325760,50.792542,-544.248169,-0.000007,1.000000,0.000026
0.862924,45.555614,48.956596,-449.124329,0.000000,1.000000,0.000000,46.997364,50.630142,-453.490479,0.000704,1.000000,0.000513
0.928497,-1.485873,26.404228,-231.080154,0.000000,1.000000,0.000000,-1.402009,27.877855,-235.848511,-0.000001,1.000000,0.000007
0.986962,-1.761901,26.462484,-43.340153,0.000000,1.000000,0.000000,-1.746713,27.985790,-47.934959,0.000001,1.000000,0.000004
