0.003898,-0.522376,11.787024,7.998383,0.000000,1.000000,0.000000,0.012222,13.136064,3.546524,-0.032363,0.999319,-0.017741
0.220979,-181.977631,31.925095,-51.265228,0.000000,1.000000,0.000000,-182.927460,32.591957,-45.948929,-0.095783,0.973944,-0.205567
0.248893,-174.751556,42.364407,-96.115273,0.000000,1.000000,0.000000,-174.262756,42.940952,-94.062729,-0.030992,0.989630,0.140258
0.458023,-165.240860,58.017960,-465.275391,0.000000,1.000000,0.000000,-167.142273,60.089314,-464.512085,-0.008029,0.999734,0.021617
0.505795,-87.602394,42.715919,-454.082611,0.000000,1.000000,0.000000,-89.912651,45.332283,-457.912842,-0.007462,0.999827,0.017067
0.532049,-71.004089,35.727566,-407.329163,0.000000,1.000000,0.000000,-70.980644,34.204086,-412.058624,0.000005,1.000000,-0.000038
0.541633,-54.823521,45.003262,-381.033936,0.000000,1.000000,0.000000,-52.919613,47.689098,-384.549591,-0.058794,0.998144,0.015843
0.565507,-91.546036,17.562563,-351.063385,0.000000,1.000000,0.000000,-92.287827,22.177149,-355.445740,-0.000000,1.000000,0.000000
0.600991,-84.407852,-6.152907,-290.558899,0.000000,1.000000,0.000000,-85.533394,-1.742570,-294.870728,0.000000,1.000000,0.000000
0.626530,-73.504364,-27.951443,-249.937637,0.000000,1.000000,0.000000,-74.424278,-23.746618,-254.303070,-0.000000,1.000000,0.000000
