-11.991984,-14.525253,238.019348
11.187104,-14.969607,238.340286
-12.281706,-351.825104,353.191467
143.066483,-323.488281,321.194397
113.777222,-353.733551,487.686218
135.072708,-202.262756,633.419006
258.834015,-83.084328,629.907654
283.978180,-82.921150,604.410095
288.533691,167.367905,677.326050
239.884247,167.476151,628.917236
284.646088,167.644653,586.136536
330.769073,167.651138,637.067322
287.594513,355.412933,370.531464
271.000031,338.866241,383.986237
260.916534,50.186417,212.497971
199.980164,52.648071,160.610031
453.195526,55.169746,63.810318
531.685669,231.365067,-142.237076
332.257019,212.045395,-80.079811
328.909027,232.873596,-209.202744
271.384369,198.175171,-211.149246
247.978271,134.621994,-190.632401
220.659088,72.809036,-184.430893
205.028610,63.480057,-133.054367
31.028170,51.458508,-87.894775
-41.027748,3.934550,-135.847870
-56.741070,3.396546,-114.153618
