-19.747694,1.005303,114.122040
19.797192,1.006252,114.690094
-51.737358,-17.659079,256.976624
-78.014984,19.157373,263.982849
-130.477036,70.730042,115.898827
-178.297729,162.090012,155.346695
-207.238266,161.756027,152.057053
-168.010651,184.282196,-507.677155
-164.937851,142.358154,-507.685486
-87.184906,85.438988,-394.024994
-87.186836,85.779121,-434.449280
51.194439,6.205701,-414.620148
78.594368,-0.210300,-364.750671
71.050911,13.631865,-274.646729
20.837362,4.735388,-211.343277
-0.096496,19.976738,-2.536736
