-22.537306,1.002791,231.161865
21.760567,1.003714,233.625443
-32.672642,273.367157,480.849457
29.209230,273.573334,480.851318
70.303551,366.831879,482.705017
4.911786,430.792419,482.704102
-49.238064,394.866669,482.705109
-45.419300,359.302551,482.705627
147.748276,373.250732,482.705627
123.470055,340.960938,482.706757
291.333710,427.776276,480.856628
293.581238,386.687988,480.858124
524.703003,152.635178,302.542877
318.386200,118.741592,126.270782
318.502777,160.741837,130.706650
-112.088867,114.796944,158.013245
-114.979172,-112.087601,171.710632
109.292358,-114.574081,185.928879
115.229553,109.207413,199.927521
-74.293869,139.196243,211.542114
-150.723328,-35.992855,221.274017
-142.691528,-347.996460,215.064804
-292.192780,-337.402069,197.695740
-333.581390,-337.053802,186.133179
-667.645447,-318.038330,131.767136
-661.766907,-336.449554,-49.290646
-686.204529,-331.076111,-142.364273
-698.288879,-356.783051,-82.227493
-599.869324,-356.784485,149.598495
-659.092834,-388.594452,-306.260834
-689.118774,-326.925720,-310.039124
-484.514923,-241.095474,-516.720032
-335.641998,-165.749115,-516.722595
-142.451752,-172.003815,-516.721558
-130.150528,-231.626633,-516.721130
-0.400689,-197.578766,-516.014221
183.969910,-196.795013,-522.382751
307.273102,-197.389923,-662.534119
428.061890,-218.031708,-643.498840
563.810791,-190.551773,-647.693970
647.779236,-205.471222,-799.854553
641.009338,232.848740,-817.401428
640.239197,288.428314,-649.828064
579.078979,-6.393968,-481.767914
547.585876,-6.399421,-543.667053
450.926880,-6.630053,-503.917450
39.240028,-6.456089,-453.063354
-7.012039,-6.495464,-322.273102
6.463805,-6.461152,-209.409927
-0.530441,59.444996,381.868561
22.106703,153.848740,456.916107
-2.153919,202.927734,476.531189
-31.069330,291.568604,486.208710
24.837757,297.686554,486.208954
-49.117844,394.248291,484.706757
147.828949,374.022156,484.716858
537.371460,185.951385,486.138885
483.367340,182.400314,485.978821
496.929321,141.816849,306.239868
530.948608,127.897751,80.074272
-11.498805,115.523911,136.935715
-114.930298,16.355169,148.883865
-20.884413,-114.406685,162.553314
115.166336,-15.798209,176.970825
-9.892177,116.328522,192.967590
-126.295242,-24.862940,206.242203
-490.073792,-338.877411,178.147827
-660.340576,-335.111572,-35.982746
-682.455322,-339.956085,-139.958252
-651.185486,-324.519775,-69.589439
-650.575317,-350.302155,-23.493830
-679.656494,-356.188538,-328.077850
-666.511536,-353.232910,-329.682892
-651.837463,-235.807480,-552.828735
-618.320190,-228.597504,-552.597229
-519.307739,-215.596176,-571.521118
-495.628418,-191.404678,-547.329651
-386.730438,-198.731232,-545.351807
-259.803009,-200.047318,-559.875977
-141.625839,-180.671936,-568.822632
-127.200882,-205.328781,-568.824646
68.982941,-215.948334,-568.094666
63.326160,-227.854782,-568.094788
204.923019,-235.452148,-568.185852
228.720322,-173.914963,-568.170532
297.397827,-184.669998,-643.553040
519.015503,-210.573410,-629.718872
643.351929,-223.971893,-723.942810
647.215393,-93.476089,-835.210999
635.534912,62.682926,-874.909973
644.395630,290.386505,-718.156982
634.211609,133.243790,-565.394226
628.419861,118.846405,-562.998657
636.188110,1.328560,-614.095093
691.886414,1.329147,-499.769867
534.092712,1.119382,-465.815582
452.998718,1.094154,-501.250519
150.947723,1.108859,-476.571594
42.243477,1.117827,-456.729431
-6.934186,1.117405,-491.017517
-10.232330,1.115883,-494.261047
-18.407825,1.116216,-501.645966
