-145.265121,63.188587,248.078873
-141.601685,61.031727,231.494415
-161.067581,110.294785,94.309837
-164.712982,112.206978,75.480110
136.247223,0.823507,57.458851
137.188324,0.733911,48.862522
310.539551,0.061505,18.229301
357.999603,6.379169,-21.746979
358.519043,15.392821,-59.334263
389.460388,-1.002770,-183.814880
403.381042,-1.025250,-184.617432
126.051331,4.962857,-334.458466
101.662491,2.884476,-310.371124
-7.031566,1.088553,-318.215118
2.927704,1.089430,-299.898468
-38.770763,1.089161,-249.076035
-38.180122,1.088156,-240.051056
-0.580527,63.622044,-131.958572
