86.867180,54.529335,221.930527
88.709389,55.027351,231.922958
292.502106,31.100569,234.895432
352.402649,25.426369,235.244995
414.917877,22.364529,197.062820
322.648926,25.332680,174.319427
395.918762,18.303364,121.222664
378.970490,1.057773,-128.189423
383.950989,3.196340,-76.688721
405.597107,1.054740,-145.660400
522.412781,1.057431,-351.573792
509.606964,1.057426,-351.385620
629.697266,13.193662,-117.291931
663.719604,13.193838,-127.684753
719.540649,13.194199,-250.343964
632.487732,13.194041,-344.257355
643.229797,48.990509,-597.061035
571.570740,51.081451,-549.488464
493.603577,49.320591,-602.616150
289.206390,22.344585,-589.338684
287.006622,22.227589,-573.188721
91.707573,22.617704,-513.185669
100.107162,14.965672,-483.228973
13.998992,22.190996,-351.129150
-4.511823,22.194838,-343.213470
