4.682292,1.839706,184.260773
-1.279762,1.831696,184.427780
5.455487,-110.682999,375.563934
19.508026,-111.692688,376.236298
-68.161903,-309.673126,221.250916
-244.840744,-322.226410,117.577675
-228.748688,-324.965729,117.787376
-4.584974,-422.057068,-314.565887
65.087029,-422.055420,-279.799652
222.497131,-233.892639,-272.654694
214.736588,-233.892151,-269.913025
414.613831,-35.726437,-318.235901
407.142273,-33.245777,-332.032349
185.076889,258.021210,-144.268158
-1.202843,84.778900,-105.847954
