-7.679468,-8.566673,88.807579
-13.092875,-9.210003,84.916161
-20.836874,-8.790748,77.584869
-110.381020,-32.057648,90.866531
-150.584442,-32.064945,68.103607
-185.970200,40.493362,-258.507507
-160.305618,40.493355,-260.636902
-185.266876,66.688385,-260.135529
-160.112411,66.689377,-259.996582
-186.265198,32.109283,-466.687347
-75.766426,27.933855,-393.997772
-51.974834,24.353102,-375.197815
-77.237511,-7.396140,-332.498444
-78.365242,-33.840210,-294.837494
-78.404083,-58.158802,-251.286118
-10.825451,-94.731430,-108.903267
-55.517685,-82.023933,-112.168655
-31.292620,-65.513916,-153.753555
-12.653269,-52.474522,-116.406082
-53.093971,-39.612289,-108.790863
-47.917374,-26.233133,-151.509583
-0.146086,-2.401511,-21.539000
