9.410369,-136.775436,38.158092
-12.482248,-140.157242,53.911583
-10.438889,-152.248489,117.439842
-288.875916,-274.963593,70.322792
-380.968079,-164.249527,-210.386566
-238.535019,-198.658508,-490.066498
-401.046082,-198.656403,-554.833191
-293.411713,-198.656067,-652.836365
-302.616425,-165.933075,-558.641907
-366.574036,-83.083626,-498.422394
-241.618576,-84.132202,-623.743774
-318.394073,-28.426048,-541.418945
-285.070313,-28.487076,-576.274780
-169.218063,-38.835339,-381.098572
8.116239,-93.562775,-267.221619
-9.523562,-93.415405,-260.394653
150.131973,-108.638390,11.302587
-74.326149,-77.987579,-107.982292
-70.106789,-75.994247,-121.380836
-18.621914,-104.196243,-63.853271
4.838047,-106.161308,-56.018616
-9.161597,-101.710213,-36.756092
