42.466232,-19.748520,277.120026
46.997601,-19.749104,249.999298
162.546570,-7.412388,253.882538
278.210938,-19.749237,261.527069
268.572662,-52.344067,157.991516
277.100830,-8.380843,-3.927389
255.978180,0.618954,-72.016342
277.485077,25.415668,-282.619446
262.413544,28.947378,-283.117462
209.823929,65.154327,-152.243164
208.830994,65.154213,-165.469650
130.700241,-13.274264,-238.066086
19.761503,-11.249687,-276.620056
-39.282608,-13.726819,-319.553589
14.540035,14.792867,-120.365700
-11.635573,14.623640,-120.628334
